#{"t_start": 1689864741.8638613, "env_id": "None"}
r,l,t
26.02875,28,13.511818
31.953437,34,14.516011
30.775625,34,15.476163
116.6225,100,18.337181
56.1675,56,19.944735
118.645,100,22.819513
26.501562,28,23.595762
54.52625,56,25.182506
30.940312,34,26.176051
117.031875,100,28.989423
54.502813,57,30.594824
25.360625,28,31.363555
31.71125,34,32.34052
116.862813,100,35.218929
39.89,43,36.46006
39.587813,43,37.727959
52.623438,57,39.348346
39.554688,43,40.82894
53.215,57,42.424858
25.087187,28,43.308634
117.154688,100,46.351675
116.7575,100,49.361981
116.92875,100,52.779119
53.755,56,54.690286
117.244688,100,57.992958
55.7925,57,60.028354
24.635625,28,60.892543
61.854063,66,62.984129
39.0625,43,64.534966
116.064063,100,67.679197
30.758125,34,68.797092
30.214063,34,69.856445
39.969375,43,71.144529
24.93,28,72.032385
54.518438,57,73.624302
29.615312,34,74.641482
41.73375,43,310.540826
40.955313,43,311.984286
53.975938,57,313.840159
115.245,100,316.944238
31.462812,34,317.91378
151.732188,129,321.911062
155.807188,129,325.978616
50.75375,53,327.545519
52.656875,53,329.140618
50.615625,53,330.688046
111.316562,102,333.773682
152.905938,129,337.594157
152.730313,129,341.562865
153.927187,129,345.417612
52.995625,56,347.211867
153.535,129,351.13398
31.075,34,352.122638
54.730938,56,353.788268
51.870938,53,355.312679
153.180938,129,359.147498
50.625938,53,360.790004
53.090938,56,362.448756
153.94625,129,366.3818
152.568438,129,370.290096
53.232188,56,607.884313
153.628438,129,611.815673
174.665937,144,616.159197
98.260625,94,619.097071
198.506563,153,623.847615
89.8225,89,626.491211
61.255,64,628.372069
68.505313,70,630.542346
201.985625,153,635.224359
8.6975,10,635.543601
200.540625,153,640.26586
8.046875,10,640.554196
70.390938,70,642.725226
177.830938,144,647.094172
89.230312,89,649.820273
163.786875,140,654.115441
201.146563,153,658.934792
98.2475,94,661.767805
8.682188,10,662.055342
199.149375,153,666.801503
200.077188,153,905.331016
200.55375,153,910.073005
199.938437,153,914.706376
198.770312,153,919.474996
201.722188,153,924.312167
227.97375,179,929.956475
70.95125,70,932.131935
146.905,134,936.45279
204.227813,169,941.729839
142.437187,128,945.697869
177.910313,154,950.549985
71.659063,70,952.70304
176.178125,155,957.524383
42.850313,47,958.962162
233.016563,183,964.827268
196.513125,161,1203.280225
227.996563,178,1208.84371
228.805937,183,1214.665768
151.000313,138,1219.204063
230.680625,183,1225.050074
44.053125,47,1226.574088
70.685625,70,1228.894286
176.435625,155,1233.796329
72.170313,70,1235.975561
227.936563,178,1241.731403
178.718438,154,1246.694624
231.59625,183,1252.468848
71.148125,70,1254.741151
71.523125,70,1257.088628
227.794375,178,1262.777985
43.32875,47,1264.260827
232.11875,183,1508.546374
178.659375,155,1513.237077
29.615,33,1514.277916
228.233438,178,1519.579364
226.591875,178,1525.137966
7.7075,9,1525.378587
151.2125,138,1529.616203
193.434687,160,1534.480223
226.884688,178,1539.985819
71.847813,70,1542.023078
228.979063,178,1547.418915
232.280938,183,1553.040244
233.222188,183,1558.790096
178.604063,154,1563.421979
234.17375,183,1810.719647
72.374375,70,1812.894305
234.571563,183,1818.613637
227.639063,178,1824.147
233.830313,183,1829.803451
114.67375,105,1833.125584
292.265625,201,1839.279844
115.03875,105,1842.482975
293.833438,201,1848.748785
233.415937,182,1854.341172
294.744688,201,1860.514073
293.062813,201,1866.55993
292.913125,201,1872.802301
292.172813,201,2115.368971
293.06875,201,2121.672812
114.71625,105,2124.793565
293.564063,201,2131.005823
44.083438,46,2132.531924
293.835313,201,2138.853025
295.019063,201,2145.115991
219.359063,177,2150.678247
219.267188,178,2156.357412
216.485313,176,2161.846442
307.4275,222,2168.963089
154.605313,138,2173.33622
307.95875,222,2417.74653
308.379375,222,2424.896212
306.129063,222,2432.207486
219.375938,178,2438.057175
307.331563,222,2445.188051
305.8475,222,2452.626745
298.236875,214,2459.432156
305.908438,222,2466.567161
308.645313,222,2473.719277
306.597813,222,2720.815306
220.192188,178,2726.565694
307.32375,222,2733.878294
375.630625,254,2742.212576
381.827813,254,2750.618584
377.708125,254,2759.093979
379.942813,254,2767.54528
378.980313,254,2775.950096
378.625313,254,2784.247621
327.313125,236,3033.140149
381.221875,254,3041.492811
268.414687,206,3048.336303
377.465,254,3056.707709
267.090312,206,3063.588176
378.279063,254,3071.810344
378.130313,254,3080.222304
160.713125,149,3085.166923
241.37375,202,3091.892014
149.1625,135,3328.371169
243.490938,203,3335.114055
245.594688,203,3341.87071
163.559688,151,3346.872785
284.3625,228,3354.196916
243.311563,203,3360.74243
241.485313,203,3367.559527
242.945,203,3374.54092
245.973438,203,3381.269872
164.198438,151,3386.206754
243.671563,202,3392.886708
247.25625,203,3634.455944
242.719688,203,3641.671368
243.612813,203,3648.867944
150.7425,135,3653.63149
245.4175,203,3660.834779
149.67375,135,3665.706715
245.905625,203,3672.988973
243.112188,202,3680.075445
241.000625,200,3687.203237
243.87,202,3694.309569
241.984688,203,3936.331547
243.29625,202,3943.334005
245.044688,203,3950.604639
245.886563,203,3957.829429
243.950625,203,3965.013482
246.760625,203,3972.189784
224.291875,181,3978.705051
246.413125,203,3985.848151
246.664688,203,3993.09419
243.412813,203,4000.589926
246.43125,203,4007.909095
246.356563,203,4246.541287
243.394063,203,4253.857781
244.543438,203,4261.109053
245.166875,203,4268.603894
149.1525,135,4273.415775
248.6,203,4280.689552
150.5575,135,4285.519268
245.736563,203,4292.822767
243.025313,203,4300.196573
246.635625,203,4307.455305
246.208438,203,4551.837807
244.92125,203,4559.210663
247.013125,203,4566.654576
244.586875,203,4574.089129
165.8875,151,4579.497707
245.580625,203,4586.833085
245.4425,203,4594.199189
245.991563,203,4601.80879
244.743125,203,4609.172914
245.109688,203,4616.719397
244.826875,203,4624.26168
246.234688,203,4865.793987
245.825938,202,4873.301057
150.656875,135,4878.242144
246.579688,203,4885.677358
248.54375,203,4893.17819
245.824063,203,4900.688701
240.498125,200,4907.932654
150.638438,135,4912.927037
245.45125,203,4920.460669
247.83125,203,4927.870612
246.82625,203,5171.428626
243.395,200,5178.874773
245.879063,203,5186.371932
246.1825,203,5193.914943
248.466875,203,5201.245973
247.087188,203,5208.464166
247.114688,203,5215.933259
227.74375,183,5222.53881
246.28375,203,5230.002058
150.601563,135,5235.045338
247.331563,203,5242.347323
246.825313,203,5485.616206
248.708125,203,5493.174663
150.113125,135,5498.034386
247.300313,203,5505.427
245.520938,203,5512.814271
243.677813,201,5520.199694
247.030938,203,5527.7624
246.399063,203,5535.04086
245.520625,203,5542.465346
244.43125,203,5549.73563
248.560938,203,5788.453132
248.3375,203,5795.909673
244.6725,203,5803.436923
227.373438,183,5810.236453
247.025938,203,5817.537392
246.95625,203,5825.124898
247.649688,203,5832.779283
247.468125,203,5840.354423
247.685,203,5848.00124
247.477813,203,5855.470002
248.135938,203,5863.157089
247.685938,203,6105.907109
246.819375,203,6113.495777
247.829063,203,6121.304805
247.695313,203,6128.844714
248.123125,203,6136.524156
247.181563,203,6144.05719
245.892813,203,6151.778309
247.154375,203,6159.269901
248.532188,203,6166.591037
246.775,203,6174.44599
247.739063,203,6423.434069
243.70875,203,6431.028277
247.182813,203,6438.607308
246.409063,203,6446.280292
246.10875,203,6453.894208
248.125625,203,6461.320303
247.259688,203,6468.98825
248.098125,203,6476.618767
245.718125,203,6484.183696
246.451875,203,6491.687686
247.508438,203,6732.731502
243.135938,202,6740.19143
247.54125,203,6747.690799
247.428125,203,6755.008047
248.143125,203,6762.418377
247.814063,203,6769.655715
247.03625,203,6777.012704
247.166875,203,6784.454748
247.050625,203,6791.821816
247.719688,203,6799.392425
248.27375,203,7043.54576
225.028438,181,7050.254952
246.889688,203,7057.902754
248.051563,203,7065.219321
247.424375,203,7072.621325
248.145938,203,7080.058853
247.878438,203,7087.411994
248.23125,203,7094.748362
245.393125,203,7102.253386
248.085,203,7109.534226
224.67125,181,7355.387171
150.35625,135,7360.082509
247.560938,203,7367.561491
248.191563,203,7374.926443
164.59625,150,7380.350539
245.712813,203,7387.626848
247.14,203,7394.9165
247.985625,203,7402.171701
246.240938,203,7409.334035
248.598125,203,7416.567157
245.89125,203,7423.967084
230.0225,185,7666.30504
248.038438,203,7673.890672
246.400625,203,7681.153617
247.145938,203,7688.309085
247.33875,203,7695.68751
246.892188,205,7703.056056
151.032813,135,7707.850733
246.30125,203,7715.276198
246.539688,203,7722.743181
247.018125,203,7730.252111
247.441563,203,7975.629671
228.647188,185,7982.460439
246.608438,203,7989.652216
244.282813,203,7996.681896
247.3725,203,8004.098066
245.779688,203,8011.404413
149.4975,135,8016.405216
230.360938,185,8023.124093
248.3025,203,8030.522692
246.82,203,8037.801558
230.079375,185,8044.612831
149.849063,135,8286.331569
242.75,200,8293.498096
241.33125,201,8300.839375
148.853125,135,8305.694366
245.688125,203,8312.874714
229.389688,185,8319.688679
248.2,203,8326.995223
247.845313,203,8334.22323
245.378125,202,8341.637409
224.344688,181,8348.243813
164.425,150,8353.70753
247.605,203,8599.752207
148.897813,135,8604.71546
244.955938,203,8612.136142
245.698125,202,8619.54934
246.748125,203,8626.909498
247.433438,203,8634.15623
247.1275,203,8641.753288
248.155,203,8649.125664
149.255,135,8653.936079
245.36,202,8661.124618
247.636875,203,8668.397367
244.954375,203,8916.33403
246.943125,203,8923.790523
244.935313,203,8931.297029
244.902813,203,8938.600599
247.880313,203,8946.336504
241.555625,200,8953.57217
246.509375,203,8961.196698
149.809375,135,8966.129596
246.678125,203,8973.454061
247.013125,203,8980.938934
245.549688,203,8988.564164
150.221875,135,9231.364862
245.499688,202,9238.664712
248.255625,203,9246.256351
246.132188,203,9253.836956
246.516563,203,9261.420985
246.847813,203,9268.722032
246.34375,203,9276.054609
245.93,203,9283.318528
247.11875,203,9290.74553
246.59625,203,9297.941565
247.591875,203,9550.521391
246.587188,203,9558.132578
247.969688,203,9579.355915
246.20625,203,9586.703587
244.84625,203,9594.218266
248.23,203,9601.442209
244.85875,204,9608.852271
246.297813,203,9616.3175
246.774688,203,9623.36636
244.314375,203,9630.919071
247.016875,203,9874.785696
246.4725,203,9881.873963
247.291875,203,9889.236055
248.623438,203,9896.561802
164.044688,150,9902.032982
246.069063,203,9908.979125
247.477188,203,9916.298414
247.0475,203,9923.485915
247.473438,203,9930.981796
244.967813,203,9938.279277
247.3525,203,10179.276989
246.782188,203,10186.872105
244.777188,203,10194.047635
247.354375,203,10201.474322
246.015938,203,10208.879447
247.125625,203,10216.25429
246.790625,203,10223.826185
245.626563,203,10231.149063
245.857813,203,10238.559949
246.208438,203,10245.804844
247.221875,203,10495.944282
246.932813,203,10503.326449
246.650938,203,10510.730892
246.99625,203,10518.115685
247.268438,203,10525.483855
247.519688,203,10532.877767
247.778438,203,10540.40952
149.836875,135,10545.454165
246.795,203,10553.005618
246.654688,203,10560.241933
246.584063,203,10567.542213
247.025625,203,10812.519285
244.480938,203,10819.822153
245.977813,203,10827.231422
246.0925,203,10834.506412
246.21375,203,10841.867703
244.768125,202,10849.125859
244.38625,200,10856.51222
246.870313,203,10864.027835
247.070625,203,10871.585265
247.059688,203,10879.427442
245.495313,203,11120.776686
150.57625,135,11125.941988
247.487188,203,11133.533893
245.485938,203,11141.108213
245.625313,203,11148.376004
248.114688,203,11155.883456
243.823438,200,11163.361516
246.452813,203,11170.798157
245.521563,203,11178.159457
245.282188,203,11185.638139
247.613438,203,11426.561355
227.495938,185,11433.599795
247.015625,203,11441.052209
245.994375,203,11448.452417
247.95625,203,11455.998822
246.651875,203,11463.614127
163.663438,150,11469.110382
246.912188,203,11476.660206
246.778125,203,11484.084668
246.895,203,11491.833752
247.246563,203,11499.263553
245.135313,203,11742.68035
246.745,203,11750.302386
246.668438,203,11758.086065
227.45125,185,11765.092505
243.105313,200,11772.652792
241.93875,200,11780.251194
246.8625,203,11787.876341
245.798438,203,11795.403423
243.755,203,11803.088467
246.199688,203,11810.60638
248.111563,203,12061.488287
229.01875,185,12068.421126
247.025938,203,12076.154773
243.265,200,12083.398402
150.616563,135,12088.41151
243.113125,200,12095.628574
244.470938,203,12103.151827
227.80125,185,12110.042908
246.639375,203,12117.79891
150.030938,135,12122.848537
244.013438,200,12130.352396
247.591563,203,12372.286689
165.274063,150,12377.721121
229.710938,185,12384.303919
163.879688,151,12389.956518
149.965,135,12395.15815
245.798438,202,12402.524887
246.259063,203,12410.157396
244.827813,202,12417.677209
164.334375,150,12423.249231
244.199063,202,12430.564523
246.596875,203,12438.558657
246.447813,203,12683.105518
246.21625,204,12690.556148
245.972813,203,12698.102648
247.788438,203,12705.583981
228.834688,185,12712.637483
242.446563,202,12720.279846
246.145938,203,12727.689275
246.83625,203,12735.235992
246.653125,203,12742.843745
244.430938,203,12750.232303
247.40875,203,12757.806486
243.517188,200,12999.726528
246.52375,203,13007.117777
245.4,203,13014.843608
243.242188,201,13022.230165
247.15,203,13030.051482
245.599688,203,13037.578393
247.264688,203,13045.103043
245.91625,203,13052.751309
247.362188,204,13060.300364
229.388438,185,13067.327013
136.112813,130,13304.685283
247.894688,203,13312.287434
244.666875,203,13319.636391
246.778438,203,13327.314005
246.849375,203,13335.028105
248.184688,203,13342.582767
246.437813,203,13350.246843
245.905938,203,13357.737345
245.859688,202,13365.128016
247.59,203,13372.781578
247.767188,203,13614.955395
247.520313,203,13622.633364
247.154375,203,13630.222045
247.536563,203,13637.645936
244.99375,203,13645.309959
247.4925,203,13652.842858
244.355,202,13660.337383
247.485938,203,13667.776635
248.0925,203,13675.424127
243.288125,203,13682.878152
247.153125,203,13926.603635
230.33375,185,13933.744357
247.215,203,13941.317065
245.536875,203,13949.062297
246.232188,203,13956.693802
246.143438,203,13964.278442
246.605625,203,13971.802414
245.308125,203,13979.335166
247.8875,203,13986.803701
247.953438,203,13994.521702
247.591875,203,14235.21495
247.77875,203,14242.767323
248.123438,203,14250.241402
248.17625,203,14257.84634
229.358438,185,14264.754835
246.659375,203,14272.708237
247.30375,203,14280.159094
247.235625,203,14287.89888
247.75375,203,14295.456615
246.344375,203,14302.925763
247.625938,203,14310.696685
248.885625,203,14553.874678
248.287813,203,14561.426269
246.825938,204,14569.140047
151.134688,135,14574.240207
248.670313,203,14582.044184
244.927188,203,14589.68235
248.263125,203,14597.410795
245.04375,203,14605.012447
151.210313,135,14610.020599
151.271875,135,14615.302357
246.269063,203,14622.945585
248.739063,203,14862.711153
249.380938,203,14870.318361
246.538125,203,14877.898987
248.443438,203,14885.587348
249.142188,203,14893.333404
246.689375,203,14900.873198
247.329688,203,14908.779907
248.03125,203,14916.347562
247.594375,203,14923.977343
248.801563,203,14931.838512
248.765313,203,15174.110484
248.059688,203,15181.532171
247.991563,203,15189.331131
246.934063,203,15196.937081
248.099688,203,15204.61977
247.874375,203,15212.45716
248.922813,203,15220.304635
248.971563,203,15228.008016
247.552188,203,15235.532033
247.569688,203,15243.174593
245.694375,203,15484.226616
247.8925,203,15491.943863
248.23625,203,15499.585422
246.869688,203,15507.286057
246.896563,203,15514.899268
247.785938,203,15522.454069
248.184375,203,15530.014483
248.203438,203,15537.665662
248.658125,203,15545.293403
247.850313,203,15552.907397
247.053125,203,15792.410423
248.212188,203,15800.090942
247.685313,203,15807.726948
248.359063,203,15815.383569
248.744063,203,15823.277318
245.996563,203,15830.99418
247.680313,203,15838.832752
249.174688,203,15846.428292
248.11125,203,15854.174605
248.447188,203,15861.767566
249.03875,203,16104.245961
248.961875,203,16112.04286
247.924063,203,16119.42091
248.175313,203,16126.923325
230.537813,185,16133.882364
151.247188,135,16138.900823
247.616875,203,16146.676489
248.000625,203,16154.434911
247.864688,203,16162.271678
248.861563,203,16169.740434
247.19625,203,16177.354971
248.262813,203,16427.971105
247.351875,203,16435.755841
247.835938,203,16443.342826
247.90125,203,16451.444057
248.711563,203,16458.831883
247.999688,203,16466.870893
248.140938,203,16474.561108
247.260625,203,16482.172724
248.012813,203,16489.8793
247.09875,203,16497.461003
246.152813,203,16737.79877
246.934375,203,16745.376604
248.717188,203,16752.968751
248.210625,203,16760.785642
247.405313,203,16768.459635
247.915938,203,16776.198412
249.3175,203,16783.907232
249.035938,203,16791.461392
248.210938,203,16798.951651
248.629375,203,16806.6201
248.325625,203,17055.355925
249.284688,203,17062.958839
229.280625,185,17070.021378
248.475938,203,17077.793731
246.024063,203,17085.643475
248.314375,203,17093.494004
248.875313,203,17101.074232
248.074063,203,17108.598648
247.5825,203,17116.364835
246.21125,202,17123.869218
248.247813,203,17363.701651
248.56125,203,17371.149481
228.268438,183,17378.062864
247.353438,203,17385.692986
248.85125,203,17393.562171
247.812813,203,17401.463517
248.609688,203,17408.902314
248.989688,203,17416.306099
248.611563,203,17423.793587
248.810938,203,17431.525627
248.30625,203,17671.212747
246.72625,203,17678.614393
247.950313,203,17686.457818
249.199063,203,17694.143239
248.417188,203,17701.744116
248.845625,203,17709.620292
248.335,203,17717.214318
248.600625,203,17725.046822
249.72875,204,17732.770291
248.474063,203,17740.633182
247.745,203,17980.445377
249.09375,203,17987.93333
247.034688,203,17995.709288
228.368125,183,18002.979121
248.779063,203,18010.896433
247.710938,203,18018.405311
248.014375,203,18026.087388
245.179688,203,18034.005904
248.348438,203,18041.501684
247.23125,203,18049.15874
249.185,203,18289.600479
244.721875,203,18297.284352
246.91375,203,18305.213455
248.385,203,18312.896523
246.404063,203,18320.733799
248.759688,203,18328.654211
248.318125,203,18336.347426
247.3975,203,18344.130713
248.500938,203,18352.073414
248.306875,203,18359.565747
248.468125,203,18367.231863
248.8375,203,18607.222636
246.260313,203,18614.754636
249.133125,203,18622.458163
248.072813,203,18630.404622
247.768438,203,18638.307338
248.606563,203,18645.897908
247.795625,203,18653.939081
246.060938,203,18661.31812
247.940938,203,18668.875239
247.390938,203,18677.077401
248.675625,203,18923.368593
247.819688,203,18931.248868
249.270625,203,18939.219197
247.8225,203,18947.038407
248.4775,203,18954.955146
248.3675,203,18962.603011
246.405313,203,18970.35625
248.771875,203,18978.065438
247.920313,203,18985.606447
249.075625,203,18993.418993
226.414688,181,19232.204157
247.700625,203,19239.906927
247.254688,203,19247.669112
247.70375,203,19255.391798
249.257813,203,19262.98343
248.0925,203,19285.114331
248.114063,203,19292.872216
248.371875,203,19300.670532
227.079688,183,19307.570745
244.924688,202,19315.142077
245.064375,201,19563.052675
248.5375,203,19570.479114
247.169688,203,19578.30527
249.214688,203,19586.133845
248.710625,203,19593.728407
248.415938,203,19601.340412
248.680938,203,19609.160921
248.247188,203,19616.801202
248.550938,203,19624.731214
248.255,203,19632.386627
150.993438,135,19869.52281
247.380938,203,19877.545482
248.076875,203,19885.290719
247.28875,203,19893.268211
247.901563,203,19901.219929
248.2075,203,19909.118933
249.213125,203,19916.591922
248.902188,203,19924.39652
246.800625,203,19932.605353
247.064375,203,19939.958975
248.585313,203,19947.651837
249.379063,203,20187.659961
249.376875,203,20195.381002
248.734063,203,20203.045549
248.715,203,20210.757977
230.794688,185,20217.744028
249.379063,203,20225.396633
249.79625,203,20233.089594
248.669375,203,20241.100118
249.53875,203,20248.862786
249.014063,203,20256.634788
248.309375,203,20506.102914
248.537813,203,20513.895784
249.28875,203,20521.474042
248.4525,203,20529.167501
249.583438,203,20536.930504
249.563438,203,20544.609342
249.697188,203,20552.273742
249.425625,203,20560.098847
248.7775,203,20567.910404
248.7875,203,20575.578038
249.88875,203,20821.816664
249.500938,203,20829.559392
249.554063,203,20837.239676
249.484063,203,20845.015785
248.838438,203,20852.775692
249.333125,203,20860.491318
249.709375,203,20868.30202
249.004063,203,20875.993806
249.146875,203,20883.966158
248.680625,203,20891.635808
249.099688,203,21134.621698
249.125938,203,21142.47808
228.948125,183,21149.384518
249.709063,203,21157.196143
249.252813,203,21165.045492
248.9375,203,21172.776208
249.210938,203,21180.804821
249.608125,203,21188.562696
246.849375,203,21196.518825
249.407188,203,21204.383069
249.02375,203,21448.113944
249.2375,203,21455.811363
249.7125,203,21463.443582
249.164375,203,21471.402191
249.966563,203,21479.455917
249.259063,203,21487.100902
249.47375,203,21494.920769
248.82125,203,21502.794426
248.637188,203,21510.630629
247.445313,203,21518.216236
248.7825,203,21759.970077
249.265,203,21767.655499
248.94125,203,21775.630759
247.775625,203,21783.330897
248.433125,203,21791.091342
248.359375,203,21798.373928
248.805938,203,21806.202879
249.259375,203,21813.950183
249.772813,203,21821.617174
249.206875,203,21829.387697
248.1075,203,22072.273192
249.237188,203,22079.888926
249.837188,203,22087.723366
248.449688,203,22095.395717
248.239375,203,22103.102548
249.024688,203,22110.618573
248.745,203,22118.233365
249.085,203,22125.875654
248.91375,203,22133.825969
247.946875,203,22141.575965
248.869688,203,22383.986763
249.461875,203,22391.57254
248.707188,203,22399.304439
249.091875,203,22407.128707
248.779375,203,22414.796843
249.307188,203,22422.62882
248.911875,203,22430.317566
248.541563,203,22437.832091
248.93125,203,22445.436815
249.0975,203,22453.165468
248.903125,203,22693.844659
249.544688,203,22701.839311
248.94625,203,22709.43785
248.754688,203,22717.505055
248.998125,203,22725.405291
249.422188,203,22732.949859
249.304688,203,22740.69528
248.831875,203,22748.759317
248.369375,203,22756.585994
248.338438,203,22764.173311
249.378125,203,22771.779931
248.67375,203,23021.714288
248.553438,203,23029.549625
249.6325,203,23037.288907
249.542188,203,23045.207756
248.455938,203,23052.647208
249.783438,203,23060.48702
248.697813,203,23068.274606
249.07375,203,23076.072286
247.714063,203,23083.839089
249.35125,203,23091.754105
249.215938,203,23337.816797
248.889375,203,23345.695881
249.627813,203,23353.462187
249.148438,203,23361.228615
248.965313,203,23369.040896
248.35625,203,23376.651445
247.969063,203,23384.581582
249.437188,203,23392.269813
249.346875,203,23399.616389
249.132188,203,23407.258591
249.204375,203,23648.00933
249.290938,203,23655.915785
247.313125,203,23663.631973
249.039688,203,23671.356463
249.653125,203,23679.196053
248.72125,203,23687.017336
249.63875,203,23694.636265
248.665,203,23702.191419
247.352813,203,23710.281158
247.450938,203,23717.811059
249.244375,203,23961.249231
248.444688,203,23969.039009
248.960313,203,23976.716201
248.46625,203,23984.674243
249.080313,203,23992.358127
248.602188,203,23999.859683
248.605625,203,24007.67168
247.791563,203,24015.365138
248.801875,203,24023.313016
247.69875,203,24031.323498
248.423125,203,24276.864207
248.45125,203,24284.588988
248.866875,203,24292.283216
249.33625,203,24300.203637
247.19375,203,24307.895228
248.904063,203,24315.385875
248.12,203,24323.112862
247.79125,203,24330.847625
248.664375,203,24338.473013
247.471563,203,24346.232718
247.826563,203,24595.205488
248.059688,203,24603.124423
248.066563,203,24610.628178
248.56125,203,24618.150945
247.872813,203,24626.015095
249.8325,203,24633.881213
248.424063,203,24641.538962
249.070313,203,24649.243632
247.550938,203,24656.843061
249.404375,203,24664.460931
249.019688,203,24911.139951
249.169688,203,24918.989187
248.89875,203,24926.614414
247.122813,202,24934.342048
248.652188,203,24942.043409
249.62625,203,24950.174803
249.008438,203,24957.869127
248.555625,203,24965.330748
231.055,185,24972.405502
248.920625,203,24980.500298
249.073438,203,25230.97059
248.74625,203,25238.633733
248.73875,203,25246.494136
248.96125,203,25254.275935
248.172813,203,25262.146155
249.084375,203,25269.776885
249.218125,203,25277.670296
249.264375,203,25285.347002
247.714375,203,25293.130639
249.744063,203,25300.887061
249.239063,203,25544.877275
248.983125,203,25552.727636
248.747188,203,25560.569011
248.680938,203,25568.46714
248.31875,203,25576.195133
249.536563,203,25584.069815
248.715938,203,25591.62196
248.646563,203,25599.306998
249.188438,203,25607.263013
248.750313,203,25615.084376
249.274688,203,25857.932178
249.174375,203,25865.655263
248.743125,203,25873.284132
249.210313,203,25881.109524
165.773125,150,25886.891425
248.332813,203,25894.860907
249.162813,203,25902.672388
248.59,203,25910.494673
247.698125,203,25918.242035
249.379063,203,25926.114122
247.53375,203,25933.971689
249.662813,203,26178.094548
249.213125,203,26185.887306
249.378438,203,26193.904682
247.61875,203,26201.42885
247.913438,203,26209.476033
248.269375,204,26217.344601
249.256563,203,26225.075
248.334688,204,26232.958793
247.398125,203,26240.535443
246.572188,202,26248.241318
249.464063,203,26489.431158
249.462813,203,26497.388019
248.584375,203,26505.292854
249.173125,203,26512.913369
248.90125,203,26520.568697
249.500313,203,26528.364087
247.171563,203,26536.420022
248.5525,203,26544.162513
248.47375,203,26552.033023
249.106875,203,26559.721837
248.656563,203,26799.325407
248.784688,203,26807.179534
249.450938,203,26815.188086
249.561875,203,26822.9199
248.908438,203,26830.729663
248.045,203,26838.573889
249.089688,203,26846.347824
247.58,203,26854.247266
248.98625,203,26862.129797
248.355,203,26869.951168
247.273125,203,27112.999075
248.939375,203,27120.749857
248.447188,203,27128.476869
248.105,203,27136.070882
246.74125,203,27144.044058
247.366563,203,27151.826583
248.653125,203,27159.75622
248.75625,203,27167.780639
246.945,203,27175.531205
248.345313,203,27183.578977
248.39375,203,27430.36463
248.204063,203,27438.169547
249.069375,203,27446.010375
247.390938,203,27453.770656
248.952188,203,27461.452448
248.843125,203,27469.29185
247.602813,203,27477.162687
248.697813,203,27485.096736
248.670938,203,27493.014122
228.731563,183,27499.963198
249.708438,204,27742.808879
248.009063,203,27750.699105
249.231875,203,27758.531486
248.798125,203,27766.246712
248.517813,203,27773.988581
249.209375,203,27781.93643
248.536875,203,27790.043266
248.980313,203,27797.803664
248.658125,203,27805.610259
249.291563,203,27813.561801
248.470938,203,28053.976572
249.15,203,28061.757191
248.69125,203,28069.453206
248.74375,203,28077.333264
248.571875,203,28085.11203
249.325938,203,28092.773398
248.814063,203,28100.597486
248.864063,203,28108.371913
248.498438,203,28116.21045
247.860313,203,28123.789262
246.784375,202,28368.442398
248.76625,203,28376.252336
248.598125,203,28384.253897
248.8575,203,28392.1189
247.906875,203,28400.081278
249.14,203,28407.933812
249.211563,203,28415.860698
246.9875,203,28423.515862
248.19375,203,28431.155596
248.413125,203,28439.018237
248.6575,203,28446.876268
248.33,203,28686.762359
248.03625,203,28694.631637
246.86,203,28702.368313
248.835938,203,28710.192984
248.561875,203,28718.134093
249.2425,203,28726.107216
248.32625,203,28734.054016
248.295938,203,28741.838371
246.563438,203,28749.757626
248.293438,203,28757.452332
247.601563,203,29000.498273
248.399688,203,29008.365612
248.59875,203,29016.376691
249.150938,203,29024.0067
248.035313,203,29031.739745
248.196563,203,29039.653491
248.770313,203,29047.498549
248.084063,203,29068.987613
248.440625,203,29076.934741
249.4675,203,29084.712995
248.325313,203,29334.55667
248.91125,203,29342.45798
248.485938,203,29350.403378
248.758125,203,29358.149307
248.400625,203,29366.042709
248.435938,203,29374.021527
249.008125,203,29381.843854
247.404688,203,29389.770579
248.900938,203,29397.436925
249.130313,203,29405.59917
248.081563,203,29648.89961
248.541563,203,29656.689824
246.970313,203,29664.543787
249.627813,203,29672.223613
248.10375,203,29680.181507
248.706875,203,29688.16443
248.886563,203,29696.06218
249.051875,203,29703.582197
248.548125,203,29711.309453
249.045313,203,29718.989747
248.188125,203,29963.15107
248.505625,203,29971.122682
248.100938,203,29979.198242
248.405,203,29987.054427
249.320313,203,29994.99908
248.248125,203,30002.866884
249.230313,203,30010.65884
247.363438,203,30018.580029
248.204688,203,30026.164504
248.47625,203,30033.946692
247.877188,203,30277.183338
248.927188,203,30285.016074
248.365313,203,30292.806651
249.539063,203,30300.39284
248.996875,203,30308.021374
249.614688,203,30315.756515
248.941875,203,30323.43813
249.002813,203,30331.047123
249.290313,203,30338.657781
248.175313,203,30346.644246
227.634063,183,30585.431627
248.89875,203,30593.404703
249.585625,203,30601.273114
248.799375,203,30609.253824
249.056563,203,30617.20647
249.021875,203,30624.827121
249.314375,203,30632.565935
249.433438,203,30640.573118
248.68875,203,30648.21615
248.444063,203,30655.964558
248.57625,203,30898.682704
248.105625,203,30906.483802
249.47625,203,30914.411423
249.10875,203,30922.234138
249.06875,203,30929.917686
225.98375,183,30937.17354
246.125625,202,30944.674186
247.853438,203,30952.693489
249.367813,203,30960.523879
249.2525,203,30968.242105
249.430313,203,31211.763503
248.684375,203,31219.727331
248.699063,203,31227.607358
248.658438,203,31235.529759
249.409375,203,31243.460676
249.192813,203,31251.328432
248.449063,203,31259.042413
248.967813,203,31266.996435
248.56625,203,31274.890302
249.393125,203,31282.923868
249.038125,203,31290.728852
248.6,203,31535.255167
249.2075,203,31542.975966
248.532813,203,31550.688383
249.255,203,31558.515752
249.212188,203,31566.41069
248.851875,203,31574.147699
249.22625,203,31581.822903
246.9275,203,31589.766046
248.811563,203,31597.829858
249.112813,203,31605.650626
249.07125,203,31847.057979
246.685938,202,31854.695978
249.355313,203,31862.456402
248.916563,203,31870.440136
249.001563,203,31878.179951
228.207188,183,31885.426989
249.238438,203,31893.129926
249.669063,203,31900.994154
249.158125,203,31908.932163
248.927813,203,31916.778605
249.225,203,32159.949113
248.45,203,32167.616122
249.00625,203,32175.235494
248.34375,203,32182.890013
248.595938,203,32190.87363
249.235938,203,32198.691471
248.049063,203,32206.578866
248.17375,203,32214.305363
248.9375,203,32222.286511
249.172188,203,32230.131035
248.246875,203,32471.520236
249.143125,203,32479.191927
248.986563,203,32486.962375
248.789688,203,32494.903755
249.053125,203,32502.627475
249.469375,203,32510.425272
248.250313,203,32518.37121
249.5325,203,32526.146366
249.409063,203,32534.135171
248.3025,203,32541.908279
248.040313,203,32782.462979
248.8475,203,32790.112263
249.365625,203,32797.94652
248.980938,203,32805.624406
248.269063,203,32813.1482
248.815,203,32821.235907
248.230313,203,32828.905627
249.155,203,32836.688599
248.268438,203,32844.571342
247.889375,203,32852.135433
248.900625,203,33100.484964
249.178438,203,33108.108727
248.988438,203,33116.201701
248.203438,203,33124.087387
249.165938,203,33131.769495
248.747188,203,33139.695086
247.9325,203,33147.613752
248.474375,203,33155.207782
248.250313,203,33162.780396
246.670625,203,33170.707742
247.576875,203,33411.684943
248.691875,203,33419.520369
248.130938,203,33427.361498
248.93875,203,33435.120152
249.333125,203,33442.794608
249.140625,203,33450.797792
248.860938,203,33458.498918
248.558125,203,33466.413178
249.178438,203,33474.379589
248.398438,203,33482.171338
248.515625,203,33730.737753
249.241563,203,33738.431042
247.847813,203,33746.319478
247.836875,203,33754.103208
249.06875,203,33762.146607
248.909375,203,33769.929949
248.468438,203,33777.508134
247.93125,203,33785.115551
248.181875,203,33793.002511
248.048125,203,33800.859026
249.222813,203,34044.496201
248.575,203,34052.244903
248.865313,203,34060.132773
248.89375,203,34067.812425
248.183125,203,34075.528472
248.185938,203,34083.294619
249.756563,203,34091.030684
248.147188,203,34098.921752
247.4,203,34106.476065
245.41375,203,34114.341199
248.882188,203,34355.743118
248.881563,203,34363.211956
248.34125,203,34371.01021
248.659688,203,34379.075229
248.358438,203,34386.77315
248.890313,203,34395.347784
248.579375,203,34403.140119
249.004063,203,34410.942698
248.796563,203,34418.499853
249.02,203,34426.334955
249.354063,203,34434.100687
249.2475,203,34676.742401
248.021563,203,34684.757998
249.294375,203,34692.290747
248.121875,203,34700.160081
248.276875,203,34708.043885
248.771875,203,34715.671461
248.218438,203,34723.385771
249.13875,203,34731.069074
249.519063,203,34738.75353
249.013438,203,34746.418025
247.890313,203,34987.696666
248.350313,203,34995.311766
249.037813,203,35002.942583
248.449063,203,35010.876525
249.0825,203,35018.66349
244.8225,203,35026.483695
248.198438,203,35034.396891
248.572813,203,35042.199173
248.475938,203,35050.08405
248.324688,203,35057.807675
248.5525,203,35302.198838
248.429688,203,35309.997648
247.649375,203,35317.757609
247.781563,203,35325.454304
248.499063,203,35333.219109
248.335938,203,35340.547007
249.186563,203,35348.398778
247.357813,203,35356.233205
248.730313,203,35364.273384
248.53625,203,35372.244361
249.434375,203,35618.400416
248.515,203,35626.366781
248.844688,203,35634.012975
249.144375,203,35641.621881
249.002188,203,35649.235105
247.410938,203,35657.259552
248.569688,203,35665.102114
248.348125,203,35672.718033
248.190625,203,35680.7384
248.664063,203,35688.583565
249.06875,203,35928.01897
249.628438,203,35935.954639
248.811563,203,35943.529504
249.222813,203,35951.377379
248.82625,203,35959.051927
165.18875,151,35965.012678
249.715,203,35972.803694
248.118438,203,35980.49716
249.492188,203,35988.575649
249.206563,203,35996.421782
248.773125,203,36237.721097
248.998125,203,36245.631867
248.214375,203,36253.482153
247.116875,203,36261.146035
249.407813,203,36268.913688
249.410625,203,36276.895625
248.750625,203,36284.830235
248.94875,203,36292.926358
247.7475,203,36300.721975
248.805625,203,36308.553151
227.768125,183,36552.036353
248.738125,203,36559.985525
249.019375,203,36567.727404
249.0725,203,36575.28005
248.059063,203,36583.110582
248.625,203,36591.084116
249.13625,203,36598.745064
244.371875,200,36606.499834
248.61125,203,36614.393867
248.162188,203,36622.275849
248.121563,203,36630.054992
248.89375,203,36872.147712
247.1525,203,36879.893541
248.113438,203,36887.794083
249.138438,203,36895.5993
247.834688,203,36903.290354
248.870625,203,36911.108101
247.766875,203,36918.665568
248.13,203,36926.512339
248.82625,203,36934.217267
248.856563,203,36942.065554
248.38125,203,37182.434587
248.377813,203,37190.418759
248.855625,203,37198.349365
248.437813,203,37206.004749
231.882813,187,37213.510199
248.978438,203,37221.070729
248.711875,203,37228.7276
248.6275,203,37236.654884
248.210938,203,37244.454771
248.829688,203,37252.126154
